195.068
194.625
194.355
194.457
194.965
194.575
194.263
194.652
194.564
194.734
194.744
194.628
194.171
194.498
194.967
194.78
194.587
194.334
194.328
194.36
194.357
194.643
194.185
194.702
194.389
195.001
194.537
194.561
194.699
194.524
194.75
194.388
194.317
194.468
194.534
194.554
194.211
194.308
194.296
194.823
194.359
194.849
194.249
194.336
196.39
194.384
194.57
194.527
194.648
193.901
194.577
194.415
194.715
194.571
194.271
195.733
194.766
194.051
194.633
194.14
194.306
194.486
195.114
194.766
194.737
194.431
194.347
194.906
194.353
194.319
194.394
194.451
194.291
194.736
194.536
194.314
193.953
194.305
194.804
194.62
194.17
194.668
194.201
194.774
194.453
194.496
193.881
194.472
194.808
194.462
194.474
194.482
194.877
194.571
194.522
194.498
193.95
193.957
194.193
195.156
