0.039
0.037
0.053
0.053
0.053
0.053
0.078
0.078
0.079
0.078
0.079
0.076
0.077
0.076
0.087
0.083
0.085
0.085
0.083
0.085
0.085
0.082
0.089
0.086
0.082
0.085
0.089
0.082
0.09
0.085
0.096
0.098
0.096
0.098
0.097
0.098
0.097
0.101
0.099
0.108
0.1
0.1
0.097
0.096
0.103
0.101
0.097
0.107
0.099
0.1
0.094
0.097
0.093
0.097
0.102
0.096
0.096
0.106
0.096
0.105
0.103
0.097
0.117
0.116
0.109
0.112
0.116
0.122
0.125
0.11
0.119
0.122
0.116
0.114
0.127
0.124
0.114
0.137
0.109
0.113
0.112
0.107
0.119
0.107
0.13
0.121
0.112
0.114
0.108
0.113
0.111
0.11
0.109
0.117
0.122
0.119
0.109
0.11
0.121
0.12
0.117
0.122
0.117
0.121
0.109
0.119
0.11
0.121
0.129
0.114
0.118
0.121
0.121
0.109
0.12
0.128
0.125
0.129
0.125
0.12
0.116
0.127
0.115
0.114
0.113
0.12
0.133
0.138
0.132
0.134
0.129
0.13
0.13
0.131
0.131
0.137
0.135
0.125
0.13
0.13
0.127
0.124
0.125
0.124
0.126
0.131
0.131
0.122
0.128
0.145
0.125
0.131
0.123
0.13
0.127
0.135
0.129
0.137
0.131
0.129
0.127
0.128
0.125
0.129
0.138
0.129
0.127
0.133
0.125
0.142
0.134
0.126
0.137
0.128
0.14
0.132
0.121
0.128
0.13
0.128
0.138
0.133
0.134
0.137
0.133
0.131
0.137
0.127
0.122
0.135
0.135
0.129
0.143
0.13
0.136
0.13
0.134
0.139
0.135
0.132
0.136
0.134
0.13
0.132
0.131
0.136
0.133
0.128
0.138
0.134
0.128
0.136
0.13
0.141
0.136
0.151
0.125
0.132
0.131
0.137
0.136
0.128
0.126
0.127
0.132
0.133
0.129
0.134
0.129
0.13
0.133
0.127
0.128
0.131
0.131
0.126
0.131
0.129
0.136
0.125
0.128
0.132
0.126
0.128
0.127
0.122
0.133
0.13
0.131
0.126
0.136
0.134
0.123
0.131
0.151
0.144
0.145
0.146
0.15
0.139
0.15
0.148
0.156
0.147
0.144
0.153
0.146
0.155
0.147
0.151
0.156
0.146
0.152
0.147
0.153
0.155
0.146
0.149
0.151
0.147
0.143
0.149
0.145
0.147
0.15
0.147
0.146
0.14
0.144
0.154
0.143
0.144
0.142
0.152
0.138
0.141
0.147
0.146
0.139
0.141
0.141
0.145
0.137
0.157
0.152
0.145
0.134
0.143
0.145
0.15
0.145
0.139
0.142
0.141
0.144
0.138
0.15
0.139
0.139
0.144
0.136
0.14
0.15
0.148
0.154
0.149
0.142
0.146
0.145
0.145
0.151
0.141
0.148
0.143
0.153
0.148
0.149
0.158
0.142
0.149
0.144
0.152
0.159
0.143
0.158
0.15
0.147
0.144
0.149
0.144
0.153
0.146
0.146
0.138
0.15
0.145
0.145
0.144
0.149
0.149
0.143
0.143
0.154
0.157
0.139
0.147
0.146
0.141
0.141
0.143
0.141
0.147
0.149
0.142
0.146
0.144
0.139
0.151
0.147
0.136
0.148
0.139
0.146
0.142
0.156
0.155
0.147
0.136
0.14
0.153
0.149
0.14
0.152
0.141
0.14
0.14
0.142
0.15
0.144
0.149
0.152
0.149
0.138
0.152
0.15
0.147
0.148
0.146
0.14
0.148
0.152
0.148
0.154
0.144
0.142
0.16
0.15
0.147
0.141
0.157
0.149
0.142
0.145
0.148
0.146
0.143
0.15
0.153
0.146
0.136
0.15
0.137
0.144
0.146
0.148
0.137
0.152
0.145
0.151
0.141
0.142
0.142
0.138
0.15
0.143
0.143
0.149
0.148
0.146
0.14
0.146
0.146
0.139
0.143
0.136
0.141
0.144
0.143
0.145
0.142
0.148
0.142
0.142
0.145
0.141
0.142
0.15
0.151
0.153
0.146
0.148
0.149
0.154
0.142
0.149
0.145
0.148
0.15
0.144
0.146
0.14
0.146
0.158
0.148
0.158
0.161
0.146
0.147
0.146
0.151
0.143
0.146
0.15
0.147
0.153
0.151
0.145
0.151
0.155
0.147
0.135
0.146
0.155
0.136
0.135
0.148
0.15
0.155
0.155
0.136
0.175
0.16
0.15
0.155
0.179
0.164
0.172
0.187
0.183
0.195
0.165
0.163
0.165
0.167
0.167
0.159
0.16
0.17
0.154
0.159
0.164
0.168
0.154
0.148
0.149
0.15
0.145
0.149
0.153
0.179
0.172
0.162
0.169
0.157
0.164
0.147
0.162
0.161
0.166
0.158
0.16
0.158
0.155
0.145
0.151
0.151
0.154
0.151
0.155
0.151
0.147
0.147
0.146
0.153
0.149
0.152
0.15
0.15
0.152
0.146
0.149
0.152
0.147
0.148
0.149
0.15
0.146
0.155
0.147
0.149
0.148
0.149
0.148
0.149
0.147
0.149
0.147
0.153
0.154
0.147
0.145
0.155
0.151
0.147
0.143
0.152
0.148
0.147
0.149
0.152
0.153
0.144
0.15
0.15
0.155
0.155
0.146
0.148
0.145
0.147
0.146
0.152
0.146
0.145
0.15
0.15
0.152
0.149
0.148
0.146
0.153
0.145
0.152
0.148
0.15
0.15
0.15
0.152
0.147
0.155
0.147
0.154
0.151
0.162
0.154
0.152
0.154
0.154
0.149
0.145
0.147
0.146
0.146
0.15
0.151
0.144
0.145
0.148
0.15
0.148
0.152
0.149
0.144
0.146
0.145
0.147
0.146
0.149
0.151
0.146
0.145
0.148
0.146
0.147
0.153
0.154
0.145
0.146
0.149
0.158
0.149
0.147
0.148
0.145
0.147
0.154
0.148
0.145
0.145
0.144
0.146
0.149
0.15
0.146
0.145
0.151
0.147
0.146
0.151
0.148
0.154
0.147
0.146
0.151
0.148
0.146
0.148
0.147
0.146
0.151
0.15
0.146
0.147
0.167
0.147
0.145
0.145
0.149
0.148
0.151
0.154
0.149
0.147
0.149
0.147
0.149
0.154
0.148
0.147
0.144
0.147
0.146
0.145
0.159
0.149
0.148
0.15
0.155
0.146
0.15
0.15
0.148
0.145
0.144
0.144
0.146
0.153
0.149
0.146
0.147
0.149
0.148
0.149
0.152
0.153
0.152
0.149
0.148
0.148
0.152
0.15
0.148
0.147
0.146
0.146
0.147
0.149
0.151
0.148
0.15
0.149
0.149
0.147
0.144
0.155
0.146
0.147
0.15
0.146
0.147
0.158
0.158
0.147
0.148
0.149
0.145
0.153
0.15
0.146
0.146
0.146
0.151
0.146
0.153
0.15
0.147
0.145
0.145
0.148
0.146
0.152
0.153
0.146
0.147
0.146
0.148
0.145
0.152
0.148
0.149
0.147
0.145
0.146
0.15
0.145
0.149
0.151
0.143
0.15
0.151
0.147
0.149
0.149
0.154
0.152
0.145
0.143
0.152
0.147
0.148
0.148
0.148
0.149
0.147
0.153
0.149
0.145
0.15
0.148
0.148
0.151
0.151
0.148
0.147
0.15
0.146
0.147
0.155
0.148
0.167
0.144
0.151
0.145
0.147
0.153
0.151
0.149
0.147
0.147
0.148
0.153
0.156
0.162
0.147
0.145
0.15
0.146
0.151
0.147
0.159
0.15
0.145
0.146
0.146
0.151
0.146
0.151
0.15
0.15
0.147
0.155
0.154
0.148
0.159
0.149
0.145
0.147
0.157
0.153
0.15
0.149
0.149
0.145
0.145
0.152
0.146
0.147
0.151
0.151
0.145
0.151
0.148
0.146
0.146
0.147
0.149
0.146
0.149
0.153
0.146
0.147
0.153
0.147
0.146
0.152
0.148
0.146
0.151
0.148
0.147
0.148
0.148
0.15
0.153
0.145
0.152
0.147
0.146
0.145
0.147
0.15
0.146
0.147
0.155
0.147
0.152
0.145
0.15
0.148
0.148
0.149
0.148
0.149
0.147
0.146
0.148
0.156
0.151
0.15
0.15
0.144
0.153
0.146
0.147
0.155
0.15
0.146
0.15
0.149
0.142
0.147
0.147
0.156
0.145
0.145
0.146
0.146
0.148
0.15
0.147
0.148
0.152
0.151
0.146
0.147
0.146
0.144
0.148
0.149
0.151
0.147
0.147
0.15
0.15
0.147
0.147
0.146
0.149
0.147
0.147
0.151
0.144
0.151
0.146
0.154
0.151
0.152
0.149
0.146
0.148
0.146
0.153
0.149
0.146
0.149
0.154
0.147
0.147
0.15
0.143
0.148
0.146
0.156
0.146
0.146
0.15
0.154
0.146
0.148
0.152
0.146
0.148
0.156
0.148
0.148
0.143
0.15
0.144
0.149
0.153
0.146
0.144
0.167
0.163
0.161
0.165
0.163
0.161
0.157
0.166
0.16
0.161
0.161
0.168
0.158
0.161
0.162
0.163
0.158
0.167
0.157
0.162
0.161
0.171
0.165
0.159
0.16
0.16
0.162
0.167
0.16
0.162
0.159
0.164
0.165
0.159
0.163
0.158
0.158
0.177
0.161
0.159
0.171
0.159
0.162
0.164
0.167
0.16
0.165
0.168
0.161
0.163
0.161
0.161
0.166
0.169
0.162
0.163
0.165
0.158
0.169
0.167
0.162
0.162
0.167
0.163
0.164
0.164
0.159
0.158
0.162
0.167
0.162
0.167
0.165
0.159
0.159
0.161
0.165
0.163
0.158
0.161
0.162
0.164
0.166
0.168
0.169
0.171
0.159
0.17
0.166
0.172
0.159
0.159
0.166
0.162
0.16
0.173
0.163
0.159
0.159
0.162
0.16
0.172
0.178
0.161
0.161
0.163
0.163
0.164
0.162
0.16
0.167
0.163
0.161
0.166
0.164
0.158
0.159
0.165
0.164
0.168
0.163
0.168
0.16
0.164
0.164
0.163
0.165
0.159
0.161
0.158
0.159
0.17
0.164
0.164
0.16
0.164
0.161
0.168
0.162
0.164
0.166
0.167
0.16
0.168
0.171
0.16
0.163
0.168
0.158
0.167
0.165
0.16
0.161
0.164
0.167
0.163
0.162
0.16
0.161
0.158
0.163
0.161
0.16
0.171
0.16
0.158
0.16
0.16
0.172
0.163
0.159
0.16
0.16
0.16
0.161
0.16
0.163
0.16
0.159
0.16
0.172
0.161
0.16
0.16
0.161
0.164
0.163
0.165
0.16
0.16
0.158
0.162
0.16
0.166
0.162
0.161
0.159
0.163
0.162
0.167
0.166
0.169
0.16
0.164
0.16
0.165
0.163
0.158
0.161
0.159
0.158
0.169
0.168
0.159
0.161
0.163
0.159
0.161
0.164
0.157
0.158
0.164
0.163
0.161
0.167
0.16
0.161
0.161
0.16
0.161
0.16
0.161
0.164
0.162
0.162
0.163
0.162
0.165
0.162
0.161
0.165
0.163
0.173
0.164
0.163
0.165
0.163
0.162
0.168
0.164
0.158
0.165
0.167
0.158
0.167
0.168
0.16
0.157
0.185
0.19
0.185
0.191
0.184
0.195
0.166
0.159
0.169
0.16
0.16
0.163
0.166
0.16
0.165
0.169
0.161
0.162
0.173
0.16
0.166
0.167
0.164
0.166
0.165
0.165
0.166
0.166
0.162
0.164
0.163
0.163
0.16
0.169
0.166
0.16
0.157
0.158
0.17
0.164
0.16
0.164
0.161
0.157
0.165
0.166
0.162
0.163
0.167
0.161
0.17
0.168
0.16
0.161
0.164
0.162
0.161
0.161
0.165
0.158
0.16
0.161
0.16
0.163
0.161
0.167
0.16
0.161
0.158
0.161
0.161
0.16
0.158
0.16
0.162
0.163
0.161
0.162
0.16
0.161
0.165
0.162
0.162
0.159
0.163
0.165
0.16
0.167
0.159
0.159
0.161
0.162
0.16
0.162
0.165
0.163
0.164
0.163
0.165
0.165
0.165
0.161
0.166
0.172
0.163
0.16
0.16
0.166
0.16
0.163
0.161
0.16
0.165
0.159
0.16
0.162
0.168
0.159
0.166
0.162
0.168
0.161
0.165
0.16
0.161
0.165
0.166
0.162
0.16
0.16
0.162
0.162
0.162
0.159
0.161
0.164
0.16
0.173
0.16
0.165
0.167
0.159
0.169
0.173
0.159
0.167
0.159
0.166
0.16
0.165
0.165
0.163
0.162
0.162
0.159
0.161
0.159
0.164
0.161
0.163
0.159
0.16
0.164
0.158
0.16
0.162
0.163
0.163
0.163
0.161
0.159
0.165
0.158
0.168
0.162
0.157
0.16
0.159
0.163
0.16
0.163
0.163
0.161
0.162
0.163
0.159
0.161
0.164
0.163
0.167
0.163
0.16
0.166
0.165
0.166
0.161
0.163
0.163
0.169
0.163
0.167
0.162
0.162
0.163
0.162
0.164
0.165
0.161
0.166
0.166
0.169
0.162
0.163
0.162
0.17
0.167
0.163
0.166
0.164
0.168
0.161
0.16
0.17
0.16
0.163
0.166
0.167
0.16
0.159
0.173
0.164
0.16
0.167
0.165
0.16
0.171
0.166
0.163
0.167
0.158
0.166
0.167
0.161
0.161
0.165
0.164
0.16
0.161
0.164
0.164
0.161
0.161
0.165
0.161
0.162
0.159
0.165
0.165
0.16
0.164
0.17
0.163
0.163
0.162
0.158
0.168
0.164
0.16
0.158
0.167
0.16
0.164
0.17
0.158
0.158
0.164
0.161
0.161
0.165
0.159
0.158
0.163
0.159
0.162
0.161
0.167
0.158
0.159
0.165
0.162
0.161
0.169
0.165
0.159
0.17
0.163
0.163
0.166
0.164
0.163
0.165
0.16
0.166
0.165
0.16
0.16
0.16
0.162
0.168
0.163
0.162
0.164
0.158
0.162
0.166
0.16
0.164
0.159
0.17
0.166
0.161
0.171
0.163
0.159
0.163
0.163
0.157
0.169
0.16
0.165
0.157
0.168
0.159
0.16
0.169
0.159
0.161
0.165
0.161
0.164
0.168
0.161
0.164
0.161
0.161
0.165
0.161
0.161
0.159
0.159
0.164
0.163
0.165
0.164
0.157
0.16
0.163
0.165
0.165
0.158
0.164
0.161
0.159
0.159
0.166
0.161
0.159
0.161
0.158
0.161
0.168
0.164
0.158
0.167
0.16
0.163
0.168
0.164
0.16
0.158
0.163
0.161
0.174
0.167
0.161
0.161
0.161
0.165
0.166
0.168
0.159
0.165
0.161
0.162
0.161
0.165
0.165
0.159
0.168
0.16
0.165
0.163
0.168
0.163
0.162
0.16
0.177
0.167
0.158
0.162
0.157
0.158
0.163
0.17
0.159
0.167
0.168
0.163
0.166
0.163
0.162
0.159
0.159
0.158
0.165
0.165
0.162
0.158
0.159
0.163
0.158
0.174
0.165
0.16
0.162
0.181
0.161
0.162
0.161
0.157
0.16
0.163
0.159
0.161
0.162
0.157
0.16
0.16
0.164
0.17
0.16
0.162
0.16
0.163
0.16
0.158
0.17
0.162
0.163
0.164
0.161
0.158
0.162
0.159
0.162
0.159
0.168
0.161
0.166
0.166
0.159
0.161
0.166
0.158
0.168
0.16
0.162
0.163
0.16
0.161
0.162
0.159
0.161
0.158
0.168
0.159
0.162
0.172
0.158
0.158
0.162
0.159
0.158
0.172
0.164
0.158
0.16
0.165
0.16
0.172
0.161
0.161
0.16
0.162
0.156
0.165
0.162
0.167
0.159
0.161
0.161
0.163
0.158
0.162
0.164
0.162
0.16
0.164
0.163
0.159
0.16
0.163
0.159
0.166
0.163
0.16
0.165
0.161
0.16
0.158
0.178
0.159
0.163
0.159
0.161
0.159
0.168
0.162
0.162
0.159
0.161
0.162
0.163
0.161
0.159
0.16
0.168
0.16
0.165
0.161
0.161
0.165
0.163
0.163
0.17
0.165
0.161
0.161
0.161
0.165
0.161
0.163
0.161
0.165
0.168
0.159
0.16
0.172
0.164
0.169
0.165
0.16
0.163
0.164
0.161
0.164
0.163
0.16
0.164
0.161
0.17
0.164
0.157
0.168
0.164
0.161
0.161
0.163
0.162
0.164
0.168
0.159
0.158
0.163
0.159
0.162
0.16
0.166
0.158
0.163
0.159
0.16
0.162
0.164
0.161
0.161
0.175
0.158
0.163
0.166
0.162
0.16
0.166
0.158
0.169
0.161
0.162
0.166
0.168
0.166
0.163
0.163
0.163
0.161
0.163
0.172
0.166
0.161
0.164
0.157
0.168
0.162
0.166
0.161
0.164
0.164
0.163
0.157
0.164
0.163
0.162
0.166
0.165
0.159
0.163
0.168
0.169
0.159
0.16
0.165
0.16
0.163
0.16
0.165
0.163
0.159
0.16
0.165
0.162
0.161
0.159
0.167
0.16
0.161
0.166
0.164
0.16
0.16
0.159
0.162
0.162
0.161
0.161
0.163
0.164
0.166
0.165
0.165
0.16
0.161
0.16
0.165
0.161
0.159
0.162
0.164
0.161
0.164
0.174
0.157
0.167
0.164
0.16
0.163
0.165
0.159
0.162
0.162
0.161
0.162
0.171
0.16
0.16
0.165
0.163
0.161
0.16
0.16
0.161
0.159
0.161
0.164
0.166
0.164
0.159
0.163
0.168
0.164
0.167
0.162
0.163
0.161
0.161
0.167
0.161
0.16
0.159
0.161
0.161
0.158
0.162
0.168
0.16
0.164
0.165
0.159
0.164
0.162
0.161
0.166
0.165
0.16
0.161
0.163
0.164
0.16
0.166
0.166
0.159
0.166
0.159
0.161
0.16
0.165
0.166
0.16
0.157
0.16
0.17
0.168
0.162
0.16
0.163
0.16
0.158
0.164
0.174
0.18
0.177
0.175
0.171
0.179
0.178
0.177
0.182
0.174
0.175
0.174
0.177
0.189
0.176
0.176
0.179
0.192
0.188
0.183
0.18
0.173
0.182
0.173
0.175
0.178
0.175
0.172
0.17
0.175
0.175
0.171
0.186
0.178
0.174
0.181
0.178
0.178
0.178
0.186
0.174
0.183
0.178
0.172
0.18
0.174
0.176
0.181
0.175
0.173
0.175
0.174
0.177
0.177
0.175
0.176
0.183
0.178
0.175
0.172
0.172
0.174
0.177
0.178
0.175
0.178
0.177
0.181
0.176
0.176
0.178
0.174
0.175
0.183
0.174
0.179
0.175
0.172
0.185
0.177
0.187
0.18
0.176
0.183
0.182
0.173
0.179
0.18
0.171
0.181
0.179
0.178
0.18
0.177
0.178
0.179
0.175
0.174
0.175
0.175
0.176
0.184
0.177
0.179
0.178
0.176
0.175
0.181
0.182
0.177
0.177
0.177
0.177
0.179
0.179
0.181
0.176
0.171
0.181
0.175
0.187
0.176
0.176
0.176
0.178
0.18
0.181
0.175
0.182
0.172
0.173
0.186
0.177
0.175
0.174
0.176
0.175
0.183
0.174
0.178
0.18
0.178
0.18
0.175
0.176
0.177
0.178
0.175
0.179
0.177
0.178
0.181
0.173
0.177
0.174
0.181
0.173
0.177
0.184
0.174
0.176
0.175
0.177
0.172
0.177
0.179
0.173
0.182
0.177
0.173
0.181
0.18
0.171
0.176
0.178
0.172
0.18
0.174
0.172
0.177
0.178
0.175
0.182
0.172
0.176
0.179
0.172
0.18
0.185
0.173
0.172
0.18
0.173
0.179
0.176
0.173
0.171
0.173
0.171
0.183
0.176
0.173
0.177
0.173
0.181
0.172
0.178
0.182
0.176
0.175
0.182
0.175
0.177
0.173
0.175
0.175
0.18
0.172
0.173
0.189
0.177
0.184
0.175
0.177
0.175
0.173
0.174
0.177
0.178
0.178
0.172
0.173
0.174
0.179
0.174
0.172
0.177
0.173
0.177
0.175
0.175
0.178
0.184
0.179
0.179
0.178
0.173
0.18
0.175
0.173
0.182
0.178
0.174
0.173
0.178
0.177
0.181
0.175
0.174
0.182
0.174
0.178
0.175
0.175
0.176
0.213
0.179
0.18
0.178
0.177
0.177
0.174
0.178
0.184
0.178
0.174
0.175
0.177
0.178
0.17
0.172
0.177
0.173
0.182
0.178
0.173
0.173
0.176
0.171
0.177
0.185
0.176
0.177
0.178
0.172
0.18
0.179
0.174
0.178
0.172
0.178
0.182
0.176
0.172
0.182
0.176
0.176
0.186
0.174
0.176
0.182
0.174
0.178
0.176
0.179
0.178
0.175
0.176
0.181
0.178
0.175
0.174
0.181
0.179
0.181
0.178
0.173
0.173
0.178
0.19
0.182
0.183
0.178
0.17
0.18
0.174
0.177
0.175
0.175
0.17
0.185
0.175
0.172
0.18
0.174
0.177
0.178
0.178
0.173
0.176
0.177
0.178
0.176
0.176
0.179
0.178
0.174
0.178
0.192
0.175
0.177
0.177
0.183
0.176
0.185
0.18
0.177
0.177
0.177
0.177
0.173
0.18
0.172
0.178
0.18
0.173
0.181
0.174
0.175
0.179
0.178
0.176
0.178
0.174
0.171
0.184
0.176
0.175
0.176
0.176
0.172
0.187
0.171
0.179
0.184
0.175
0.179
0.179
0.178
0.175
0.176
0.176
0.177
0.18
0.175
0.176
0.179
0.18
0.175
0.177
0.181
0.175
0.177
0.177
0.181
0.173
0.175
0.176
0.174
0.181
0.175
0.177
0.181
0.175
0.172
0.18
0.179
0.173
0.178
0.172
0.173
0.174
0.187
0.173
0.176
0.173
0.178
0.178
0.179
0.174
0.176
0.18
0.18
0.175
0.174
0.183
0.178
0.173
0.176
0.182
0.173
0.176
0.179
0.172
0.178
0.176
0.185
0.178
0.179
0.184
0.179
0.175
0.18
0.178
0.176
0.18
0.179
0.175
0.18
0.176
0.175
0.177
0.175
0.177
0.176
0.178
0.174
0.182
0.178
0.177
0.179
0.176
0.185
0.177
0.179
0.182
0.181
0.174
0.183
0.174
0.178
0.176
0.172
0.173
0.174
0.178
0.171
0.181
0.179
0.175
0.173
0.173
0.182
0.177
0.174
0.185
0.183
0.176
0.182
0.182
0.175
0.173
0.182
0.179
0.173
0.181
0.179
0.172
0.176
0.182
0.177
0.178
0.177
0.178
0.176
0.175
0.177
0.179
0.178
0.176
0.185
0.172
0.178
0.186
0.177
0.182
0.175
0.175
0.184
0.178
0.172
0.187
0.175
0.173
0.178
0.173
0.185
0.183
0.176
0.176
0.187
0.174
0.177
0.181
0.179
0.176
0.188
0.173
0.178
0.177
0.175
0.174
0.179
0.185
0.177
0.181
0.174
0.182
0.175
0.177
0.183
0.174
0.178
0.18
0.176
0.179
0.173
0.177
0.179
0.18
0.18
0.176
0.174
0.173
0.172
0.17
0.175
0.175
0.174
0.178
0.183
0.18
0.173
0.176
0.175
0.176
0.177
0.175
0.178
0.177
0.173
0.195
0.178
0.183
0.18
0.177
0.176
0.18
0.186
0.185
0.177
0.177
0.174
0.178
0.177
0.179
0.178
0.177
0.173
0.191
0.178
0.176
0.175
0.176
0.177
0.181
0.176
0.174
0.179
0.176
0.174
0.181
0.177
0.172
0.182
0.178
0.179
0.178
0.176
0.174
0.181
0.173
0.176
0.181
0.173
0.175
0.178
0.176
0.179
0.177
0.174
0.179
0.178
0.185
0.175
0.177
0.172
0.177
0.175
0.177
0.175
0.183
0.173
0.18
0.174
0.177
0.174
0.176
0.177
0.172
0.183
0.178
0.175
0.176
0.175
0.172
0.173
0.177
0.174
0.18
0.181
0.173
0.183
0.175
0.174
0.187
0.174
0.188
0.176
0.177
0.174
0.175
0.177
0.18
0.177
0.172
0.183
0.175
0.182
0.179
0.18
0.173
0.177
0.173
0.183
0.178
0.181
0.177
0.176
0.175
0.187
0.174
0.176
0.183
0.172
0.18
0.182
0.183
0.176
0.177
0.176
0.186
0.179
0.174
0.179
0.173
0.179
0.182
0.173
0.19
0.18
0.175
0.181
0.183
0.179
0.18
0.175
0.176
0.183
0.171
0.173
0.175
0.172
0.173
0.18
0.178
0.178
0.177
0.172
0.181
0.177
0.174
0.177
0.184
0.172
0.18
0.178
0.173
0.175
0.175
0.175
0.176
0.175
0.176
0.179
0.178
0.177
0.179
0.175
0.174
0.172
0.173
0.177
0.184
0.177
0.18
0.177
0.18
0.182
0.175
0.174
0.179
0.173
0.184
0.183
0.172
0.176
0.175
0.174
0.18
0.179
0.174
0.177
0.178
0.177
0.178
0.178
0.174
0.178
0.171
0.18
0.18
0.171
0.175
0.181
0.174
0.181
0.177
0.174
0.179
0.181
0.174
0.18
0.179
0.175
0.179
0.174
0.173
0.181
0.183
0.177
0.174
0.187
0.179
0.179
0.173
0.175
0.173
0.174
0.176
0.18
0.179
0.179
0.171
0.181
0.174
0.177
0.177
0.175
0.174
0.18
0.177
0.174
0.18
0.174
0.173
0.175
0.172
0.174
0.179
0.172
0.19
0.177
0.178
0.178
0.182
0.177
0.174
0.183
0.174
0.176
0.179
0.172
0.183
0.182
0.175
0.179
0.178
0.176
0.18
0.175
0.175
0.174
0.183
0.178
0.177
0.178
0.186
0.173
0.178
0.176
0.178
0.183
0.175
0.175
0.175
0.178
0.172
0.179
0.177
0.181
0.177
0.173
0.175
0.18
0.171
0.178
0.176
0.177
0.173
0.174
0.173
0.178
0.175
0.179
0.175
0.18
0.178
0.178
0.177
0.173
0.175
0.18
0.185
0.175
0.175
0.177
0.176
0.181
0.177
0.174
0.177
0.18
0.173
0.179
0.172
0.175
0.176
0.174
0.171
0.187
0.176
0.173
0.181
0.173
0.176
0.182
0.174
0.178
0.179
0.176
0.186
0.175
0.177
0.185
0.176
0.175
0.181
0.174
0.172
0.174
0.181
0.174
0.172
0.179
