0.038
0.036
0.039
0.069
0.051
0.052
0.068
0.099
0.093
0.066
0.079
0.082
0.067
0.053
0.077
0.12
0.078
0.153
0.115
0.168
0.109
0.08
0.126
0.078
0.121
0.124
0.077
0.096
0.122
0.1
0.133
0.141
0.133
0.111
0.1
0.104
0.121
0.122
0.073
0.104
0.159
0.142
0.104
0.049
0.068
0.09
0.112
0.166
0.129
0.079
0.121
0.114
0.089
0.196
0.161
0.095
0.13
0.157
0.112
0.132
0.153
0.124
0.063
0.136
0.071
0.113
0.155
0.151
0.076
0.158
0.091
0.112
0.063
0.162
0.101
0.113
0.179
0.12
0.154
0.112
0.117
0.174
0.102
0.034
0.144
0.12
0.166
0.125
0.128
0.128
0.189
0.161
0.196
0.157
0.099
0.133
0.1
0.123
0.192
0.129
0.192
0.188
0.137
0.128
0.114
0.192
0.088
0.106
0.129
0.136
0.066
0.095
0.14
0.191
0.116
0.103
0.19
0.135
0.153
0.156
0.094
0.188
0.119
0.161
0.125
0.156
0.169
0.117
0.113
0.188
0.081
0.161
0.163
0.136
0.098
0.172
0.163
0.096
0.143
0.237
0.143
0.281
0.151
0.178
0.17
0.13
0.189
0.126
0.207
0.176
0.182
0.184
0.274
0.225
0.088
0.129
0.138
0.192
0.165
0.128
0.222
0.117
0.191
0.197
0.079
0.171
0.271
0.168
0.107
0.155
0.176
0.116
0.151
0.193
0.177
0.184
0.192
0.178
0.153
0.191
0.164
0.166
0.174
0.131
0.225
0.141
0.179
0.115
0.116
0.124
0.171
0.117
0.231
0.163
0.16
0.157
0.178
0.173
0.199
0.198
0.164
0.14
0.159
0.122
0.233
0.17
0.156
0.198
0.177
0.124
0.13
0.222
0.099
0.163
0.193
0.2
0.124
0.196
0.078
0.219
0.295
0.146
0.169
0.193
0.181
0.198
0.227
0.09
0.159
0.193
0.194
0.168
0.179
0.125
0.082
0.177
0.181
0.104
0.114
0.229
0.208
0.18
0.153
0.167
0.204
0.14
0.19
0.17
0.109
0.188
0.185
0.219
0.193
0.152
0.173
0.144
0.136
0.158
0.168
0.169
0.144
0.196
0.102
0.142
0.232
0.18
0.149
0.106
0.158
0.157
0.175
0.143
0.184
0.215
0.214
0.155
0.258
0.167
0.175
0.173
0.174
0.109
0.163
0.068
0.068
0.209
0.186
0.221
0.142
0.25
0.225
0.167
0.158
0.157
0.129
0.167
0.164
0.17
0.213
0.184
0.171
0.084
0.212
0.151
0.177
0.234
0.133
0.266
0.141
0.146
0.157
0.154
0.091
0.099
0.197
0.139
0.213
0.15
0.151
0.206
0.161
0.208
0.212
0.311
0.171
0.164
0.206
0.154
0.193
0.175
0.226
0.125
0.174
0.194
0.185
0.119
0.126
0.196
0.169
0.188
0.253
0.226
0.196
0.121
0.191
0.209
0.191
0.127
0.184
0.183
0.173
0.255
0.251
0.118
0.176
0.127
0.123
0.189
0.238
0.158
0.193
0.157
0.267
0.196
0.191
0.107
0.147
0.18
0.157
0.182
0.16
0.163
0.179
0.12
0.167
0.123
0.179
0.231
0.166
0.192
0.237
0.247
0.102
0.224
0.188
0.165
0.159
0.186
0.2
0.189
0.179
0.126
0.171
0.116
0.147
0.191
0.226
0.194
0.135
0.195
0.181
0.212
0.161
0.088
0.201
0.221
0.229
0.167
0.163
0.098
0.166
0.146
0.167
0.13
0.228
0.259
0.188
0.318
0.198
0.233
0.256
0.223
0.217
0.193
0.235
0.116
0.222
0.225
0.165
0.124
0.206
0.138
0.185
0.261
0.222
0.183
0.157
0.254
0.149
0.185
0.177
0.128
0.128
0.198
0.221
0.219
0.232
0.146
0.187
0.136
0.171
0.168
0.125
0.267
0.21
0.194
0.148
0.285
0.195
0.231
0.203
0.163
0.24
0.192
0.214
0.204
0.23
0.212
0.171
0.236
0.232
0.172
0.233
0.193
0.165
0.153
0.237
0.184
0.187
0.193
0.156
0.19
0.191
0.232
0.228
0.134
0.147
0.172
0.084
0.194
0.169
0.114
0.125
0.245
0.189
0.225
0.223
0.27
0.104
0.155
0.207
0.16
0.217
0.18
0.214
0.213
0.221
0.227
0.131
0.18
0.176
0.117
0.184
0.135
0.197
0.188
0.063
0.314
0.19
0.214
0.21
0.171
0.332
0.204
0.121
0.195
0.215
0.246
0.223
0.091
0.155
0.17
0.205
0.151
0.167
0.109
0.162
0.098
0.189
0.223
0.158
0.176
0.12
0.296
0.182
0.271
0.182
0.29
0.254
0.177
0.078
0.074
0.1
0.101
0.186
0.221
0.193
0.195
0.26
0.12
0.231
0.24
0.226
0.121
0.197
0.226
0.213
0.179
0.155
0.177
0.166
0.21
0.171
0.158
0.243
0.15
0.294
0.288
0.179
0.128
0.163
0.2
0.25
0.231
0.198
0.157
0.181
0.206
0.248
0.237
0.245
0.216
0.187
0.136
0.218
0.168
0.247
0.218
0.156
0.233
0.186
0.236
0.238
0.17
0.202
0.263
0.178
0.14
0.188
0.228
0.214
0.14
0.274
0.218
0.219
0.246
0.249
0.214
0.115
0.198
0.13
0.335
0.05
0.187
0.191
0.243
0.124
0.206
0.16
0.162
0.161
0.249
0.34
0.243
0.243
0.142
0.176
0.179
0.228
0.212
0.216
0.161
0.156
0.273
0.194
0.223
0.25
0.184
0.253
0.196
0.263
0.233
0.14
0.113
0.223
0.196
0.225
0.254
0.252
0.15
0.318
0.18
0.256
0.271
0.224
0.165
0.27
0.218
0.228
0.206
0.165
0.173
0.21
0.241
0.162
0.205
0.118
0.265
0.295
0.245
0.189
0.184
0.221
0.226
0.26
0.164
0.236
0.189
0.114
0.216
0.171
0.191
0.253
0.189
0.218
0.357
0.22
0.163
0.233
0.191
0.114
0.23
0.326
0.237
0.179
0.224
0.187
0.216
0.157
0.232
0.215
0.212
0.293
0.259
0.253
0.126
0.221
0.116
0.174
0.256
0.188
0.247
0.192
0.269
0.181
0.254
0.125
0.176
0.273
0.153
0.217
0.177
0.262
0.256
0.204
0.196
0.166
0.147
0.244
0.185
0.245
0.167
0.151
0.217
0.298
0.247
0.179
0.21
0.189
0.168
0.229
0.218
0.266
0.275
0.245
0.277
0.239
0.232
0.224
0.224
0.222
0.244
0.175
0.209
0.175
0.282
0.265
0.226
0.165
0.275
0.22
0.249
0.211
0.231
0.265
0.183
0.138
0.216
0.219
0.171
0.174
0.24
0.274
0.217
0.228
0.223
0.137
0.221
0.261
0.193
0.25
0.197
0.237
0.23
0.177
0.224
0.207
0.24
0.196
0.277
0.333
0.192
0.261
0.213
0.295
0.212
0.216
0.198
0.222
0.261
0.2
0.25
0.244
0.278
0.166
0.242
0.278
0.127
0.191
0.138
0.27
0.119
0.166
0.277
0.172
0.173
0.228
0.222
0.226
0.23
0.316
0.151
0.258
0.254
0.174
0.129
0.18
0.267
0.124
0.28
0.249
0.264
0.229
0.203
0.196
0.249
0.172
0.159
0.185
0.257
0.156
0.262
0.218
0.278
0.18
0.298
0.204
0.206
0.138
0.231
0.268
0.186
0.257
0.221
0.236
0.17
0.159
0.351
0.205
0.292
0.247
0.294
0.338
0.197
0.247
0.231
0.198
0.215
0.217
0.195
0.225
0.222
0.173
0.181
0.212
0.182
0.218
0.269
0.175
0.219
0.279
0.285
0.162
0.17
0.182
0.244
0.274
0.195
0.245
0.178
0.194
0.101
0.224
0.226
0.264
0.19
0.231
0.194
0.237
0.236
0.251
0.23
0.191
0.231
0.283
0.27
0.161
0.183
0.356
0.256
0.233
0.271
0.339
0.187
0.208
0.229
0.176
0.234
0.254
0.224
0.269
0.188
0.231
0.259
0.26
0.11
0.246
0.208
0.204
0.244
0.188
0.134
0.118
0.243
0.156
0.218
0.183
0.24
0.162
0.268
0.213
0.198
0.239
0.161
0.336
0.24
0.25
0.241
0.177
0.269
0.15
0.281
0.171
0.153
0.155
0.186
0.298
0.262
0.289
0.244
0.13
0.243
0.228
0.208
0.216
0.154
0.179
0.178
0.286
0.213
0.172
0.14
0.182
0.186
0.179
0.259
0.27
0.252
0.177
0.242
0.161
0.093
0.214
0.281
0.227
0.257
0.184
0.234
0.232
0.258
0.253
0.169
0.249
0.102
0.192
0.179
0.265
0.187
0.156
0.27
0.289
0.279
0.204
0.205
0.244
0.249
0.141
0.181
0.161
0.244
0.222
0.326
0.168
0.169
0.181
0.238
0.277
0.249
0.178
0.233
0.168
0.172
0.048
0.255
0.15
0.177
0.214
0.234
0.171
0.188
0.161
0.173
0.169
0.251
0.224
0.245
0.177
0.243
0.19
0.191
0.263
0.228
0.206
0.239
0.265
0.198
0.242
0.239
0.153
0.25
0.207
0.256
0.233
0.123
0.183
0.231
0.243
0.174
0.244
0.256
0.31
0.182
0.289
0.206
0.215
0.265
0.224
0.244
0.169
0.226
0.188
0.247
0.244
0.156
0.267
0.24
0.24
0.114
0.18
0.246
0.177
0.273
0.218
0.223
0.222
0.229
0.187
0.29
0.172
0.254
0.09
0.189
0.144
0.258
0.243
0.183
0.284
0.23
0.38
0.218
0.276
0.184
0.337
0.182
0.213
0.21
0.182
0.289
0.192
0.251
0.173
0.178
0.198
0.114
0.289
0.248
0.28
0.223
0.198
0.24
0.16
0.154
0.208
0.158
0.169
0.256
0.211
0.196
0.238
0.176
0.258
0.255
0.221
0.137
0.221
0.203
0.205
0.244
0.246
0.23
0.179
0.258
0.156
0.216
0.231
0.234
0.237
0.177
0.231
0.089
0.278
0.171
0.177
0.173
0.243
0.156
0.223
0.155
0.179
0.263
0.192
0.233
0.203
0.154
0.209
0.208
0.246
0.256
0.279
0.266
0.22
0.15
0.154
0.198
0.234
0.293
0.183
0.264
0.293
0.163
0.284
0.22
0.194
0.159
0.189
0.244
0.263
0.115
0.128
0.282
0.21
0.218
0.252
0.265
0.177
0.25
0.253
0.247
0.185
0.16
0.219
0.204
0.228
0.271
0.235
0.247
0.272
0.176
0.186
0.238
0.259
0.17
0.165
0.283
0.242
0.29
0.165
0.296
0.209
0.265
0.183
0.222
0.271
0.152
0.319
0.209
0.198
0.278
0.166
0.237
0.119
0.182
0.234
0.249
0.124
0.239
0.182
0.252
0.1
0.254
0.227
0.262
0.096
0.146
0.176
0.301
0.251
0.2
0.202
0.195
0.327
0.247
0.15
0.191
0.197
0.341
0.295
0.181
0.186
0.316
0.263
0.248
0.269
0.223
0.299
0.211
0.259
0.238
0.238
0.237
0.342
0.281
0.225
0.335
0.262
0.209
0.215
0.242
0.195
0.202
0.16
0.155
0.208
0.235
0.188
0.212
0.226
0.217
0.176
0.184
0.263
0.298
0.197
0.295
0.267
0.358
0.176
0.258
0.224
0.311
0.209
0.244
0.202
0.239
0.217
0.156
0.186
0.255
0.187
0.175
0.14
0.252
0.262
0.189
0.323
0.282
0.214
0.262
0.235
0.247
0.207
0.206
0.298
0.199
0.302
0.176
0.298
0.235
0.189
0.203
0.145
0.205
0.199
0.213
0.229
0.226
0.236
0.291
0.24
0.263
0.137
0.189
0.254
0.291
0.277
0.24
0.246
0.148
0.292
0.139
0.279
0.236
0.226
0.282
0.216
0.277
0.249
0.276
0.218
0.314
0.215
0.136
0.209
0.259
0.294
0.225
0.317
0.167
0.289
0.268
0.252
0.136
0.271
0.21
0.277
0.174
0.308
0.171
0.272
0.194
0.253
0.238
0.205
0.215
0.248
0.162
0.338
0.274
0.139
0.175
0.243
0.213
0.303
0.236
0.233
0.28
0.203
0.228
0.153
0.164
0.234
0.179
0.211
0.282
0.209
0.241
0.227
0.206
0.273
0.231
0.199
0.209
0.209
0.288
0.136
0.147
0.226
0.28
0.157
0.148
0.185
0.252
0.279
0.214
0.191
0.221
0.274
0.245
0.208
0.208
0.244
0.247
0.231
0.248
0.206
0.159
0.162
0.139
0.242
0.223
0.243
0.177
0.254
0.289
0.213
0.262
0.273
0.202
0.278
0.283
0.345
0.289
0.341
0.24
0.202
0.284
0.247
0.272
0.236
0.16
0.29
0.166
0.233
0.227
0.179
0.163
0.223
0.214
0.247
0.247
0.224
0.245
0.271
0.189
0.233
0.236
0.263
0.195
0.255
0.274
0.315
0.272
0.287
0.243
0.167
0.217
0.314
0.034
0.252
0.299
0.192
0.279
0.208
0.311
0.223
0.167
0.298
0.288
0.188
0.197
0.225
0.225
0.192
0.217
0.227
0.227
0.211
0.282
0.17
0.266
0.173
0.241
0.299
0.249
0.264
0.32
0.269
0.276
0.257
0.251
0.216
0.27
0.274
0.331
0.263
0.244
0.151
0.216
0.241
0.248
0.202
0.207
0.238
0.099
0.217
0.283
0.263
0.196
0.285
0.265
0.194
0.296
0.226
0.177
0.286
0.187
0.184
0.263
0.187
0.258
0.298
0.279
0.262
0.187
0.221
0.231
0.251
0.09
0.21
0.294
0.239
0.216
0.274
0.255
0.304
0.283
0.2
0.271
0.222
0.269
0.141
0.193
0.227
0.272
0.214
0.206
0.3
0.357
0.277
0.286
0.302
0.295
0.31
0.149
0.239
0.205
0.297
0.129
0.25
0.063
0.066
0.221
0.268
0.252
0.225
0.25
0.121
0.24
0.202
0.292
0.231
0.353
0.219
0.189
0.245
0.284
0.227
0.188
0.289
0.291
0.183
0.297
0.291
0.284
0.305
0.215
0.22
0.246
0.256
0.369
0.186
0.216
0.251
0.236
0.195
0.185
0.227
0.291
0.259
0.238
0.245
0.23
0.265
0.326
0.313
0.224
0.296
0.24
0.269
0.258
0.216
0.229
0.318
0.246
0.279
0.207
0.24
0.256
0.276
0.266
0.229
0.29
0.293
0.233
0.246
0.126
0.27
0.293
0.149
0.275
0.228
0.185
0.279
0.273
0.32
0.206
0.189
0.271
0.288
0.296
0.134
0.286
0.255
0.269
0.243
0.298
0.266
0.096
0.236
0.276
0.321
0.334
0.291
0.091
0.227
0.282
0.29
0.157
0.242
0.249
0.322
0.28
0.21
0.261
0.209
0.264
0.211
0.232
0.292
0.261
0.234
0.277
0.256
0.266
0.312
0.202
0.292
0.226
0.23
0.175
0.258
0.311
0.3
0.291
0.183
0.3
0.16
0.105
0.291
0.182
0.251
0.228
0.202
0.299
0.291
0.283
0.276
0.248
0.236
0.273
0.258
0.201
0.233
0.138
0.182
0.264
0.265
0.186
0.178
0.325
0.22
0.165
0.175
0.266
0.291
0.241
0.315
0.281
0.256
0.217
0.151
0.242
0.271
0.293
0.226
0.194
0.331
0.253
0.186
0.198
0.243
0.211
0.202
0.172
0.321
0.259
0.288
0.328
0.29
0.345
0.308
0.25
0.209
0.148
0.168
0.331
0.303
0.294
0.202
0.217
0.254
0.243
0.203
0.163
0.165
0.288
0.178
0.263
0.18
0.251
0.198
0.325
0.199
0.177
0.287
0.224
0.305
0.293
0.3
0.181
0.264
0.225
0.135
0.212
0.214
0.32
0.283
0.279
0.3
0.289
0.2
0.225
0.23
0.229
0.301
0.276
0.221
0.215
0.286
0.247
0.256
0.295
0.218
0.267
0.238
0.254
0.228
0.209
0.269
0.133
0.181
0.185
0.283
0.162
0.29
0.255
0.122
0.294
0.228
0.221
0.19
0.245
0.288
0.172
0.17
0.269
0.23
0.264
0.308
0.248
0.191
0.225
0.164
0.239
0.132
0.267
0.232
0.197
0.285
0.23
0.283
0.218
0.177
0.21
0.323
0.27
0.279
0.263
0.229
0.214
0.283
0.158
0.258
0.222
0.235
0.246
0.267
0.247
0.118
0.175
0.118
0.201
0.218
0.262
0.114
0.171
0.235
0.264
0.287
0.263
0.168
0.278
0.195
0.257
0.253
0.237
0.115
0.208
0.267
0.276
0.132
0.151
0.283
0.258
0.235
0.255
0.182
0.25
0.237
0.155
0.266
0.261
0.239
0.219
0.233
0.164
0.321
0.181
0.218
0.303
0.29
0.196
0.156
0.304
0.199
0.248
0.189
0.173
0.299
0.26
0.254
0.224
0.334
0.242
0.224
0.255
0.163
0.207
0.192
0.266
0.286
0.24
0.253
0.299
0.188
0.295
0.292
0.236
0.217
0.176
0.177
0.272
0.221
0.25
0.351
0.223
0.296
0.063
0.258
0.243
0.213
0.275
0.19
0.248
0.147
0.254
0.292
0.302
0.274
0.204
0.336
0.209
0.175
0.364
0.31
0.235
0.196
0.112
0.266
0.23
0.172
0.206
0.27
0.202
0.113
0.203
0.194
0.182
0.209
0.281
0.308
0.328
0.293
0.223
0.303
0.205
0.234
0.158
0.229
0.103
0.166
0.241
0.241
0.187
0.272
0.232
0.245
0.224
0.318
0.207
0.271
0.302
0.288
0.233
0.29
0.27
0.187
0.288
0.275
0.236
0.117
0.195
0.204
0.275
0.307
0.28
0.247
0.264
0.249
0.221
0.241
0.228
0.164
0.226
0.251
0.264
0.21
0.276
0.326
0.231
0.251
0.114
0.169
0.271
0.26
0.293
0.234
0.168
0.205
0.229
0.293
0.272
0.289
0.29
0.219
0.142
0.326
0.277
0.287
0.271
0.279
0.219
0.187
0.246
0.28
0.248
0.195
0.25
0.211
0.167
0.159
0.266
0.195
0.213
0.218
0.163
0.191
0.204
0.173
0.243
0.207
0.303
0.146
0.241
0.272
0.325
0.237
0.176
0.285
0.21
0.288
0.235
0.311
0.219
0.267
0.233
0.22
0.242
0.222
0.33
0.294
0.18
0.296
0.293
0.175
0.238
0.263
0.192
0.255
0.182
0.244
0.238
0.362
0.254
0.37
0.133
0.239
0.116
0.157
0.198
0.261
0.273
0.138
0.256
0.264
0.249
0.197
0.208
0.212
0.19
0.166
0.194
0.177
0.285
0.189
0.282
0.242
0.204
0.266
0.265
0.231
0.254
0.259
0.24
0.269
0.205
0.237
0.169
0.305
0.302
0.183
0.211
0.278
0.331
0.224
0.174
0.26
0.288
0.233
0.213
0.234
0.258
0.21
0.24
0.298
0.136
0.245
0.201
0.304
0.204
0.296
0.262
0.262
0.388
0.321
0.31
0.283
0.249
0.159
0.16
0.185
0.215
0.246
0.211
0.193
0.283
0.19
0.134
0.254
0.362
0.273
0.297
0.216
0.206
0.206
0.242
0.197
0.274
0.317
0.298
0.075
0.21
0.247
0.282
0.26
0.213
0.294
0.205
0.232
0.173
0.265
0.244
0.272
0.211
0.271
0.231
0.344
0.192
0.225
0.265
0.357
0.213
0.197
0.261
0.302
0.282
0.221
0.22
0.283
0.291
0.25
0.265
0.222
0.293
0.228
0.269
0.193
0.272
0.296
0.237
0.203
0.291
0.14
0.207
0.218
0.315
0.2
0.23
0.273
0.251
0.257
0.068
0.234
0.246
0.273
0.281
0.11
0.222
0.163
0.265
0.272
0.062
0.288
0.376
0.275
0.233
0.275
0.295
0.281
0.282
0.268
0.238
0.254
0.271
0.346
0.289
0.265
0.267
0.284
0.312
0.226
0.339
0.195
0.231
0.245
0.199
0.193
0.265
0.273
0.186
0.232
0.333
0.221
0.273
0.299
0.306
0.269
0.181
0.202
0.263
0.284
0.243
0.261
0.224
0.229
0.219
0.267
0.204
0.29
0.21
0.2
0.29
0.217
0.283
0.225
0.307
0.256
0.181
0.261
0.233
0.289
0.264
0.242
0.208
0.299
0.21
0.266
0.319
0.336
0.309
0.299
0.239
0.192
0.377
0.231
0.263
0.309
0.265
0.215
0.231
0.18
0.335
0.177
0.291
0.239
0.21
0.288
0.292
0.24
0.261
0.266
0.255
0.246
0.248
0.3
0.272
0.239
0.213
0.333
0.277
0.274
0.163
0.193
0.251
0.246
0.276
0.286
0.272
0.207
0.183
0.259
0.19
0.238
0.269
0.228
0.279
0.26
0.238
0.3
0.16
0.302
0.242
0.239
0.292
0.31
0.246
0.182
0.205
0.22
0.237
0.272
0.307
0.249
0.185
0.23
0.103
0.195
0.232
0.265
0.238
0.241
0.277
0.144
0.262
0.267
0.298
0.205
0.229
0.31
0.24
0.343
0.271
0.217
0.307
0.287
0.256
0.326
0.262
0.209
0.175
0.272
0.18
0.12
0.192
0.21
0.219
0.3
0.245
0.288
0.241
0.288
0.249
0.265
0.258
0.185
0.151
0.209
0.229
0.231
0.277
0.217
0.289
0.156
0.25
0.222
0.324
0.346
0.151
0.261
0.3
0.216
0.206
0.14
0.288
0.231
0.343
0.272
0.216
0.259
0.316
0.207
0.254
0.276
0.283
0.187
0.251
0.232
0.331
0.266
0.164
0.26
0.333
0.207
0.249
0.244
0.27
0.257
0.263
0.213
0.213
0.152
0.257
0.178
0.241
0.268
0.224
0.228
0.293
0.299
0.315
0.275
0.192
0.316
0.244
0.162
0.279
0.223
0.267
0.275
0.31
0.246
0.18
0.306
0.262
0.227
0.368
0.234
0.248
0.265
0.27
0.226
0.329
0.241
0.284
0.28
0.18
0.27
0.218
0.268
0.187
0.253
0.279
0.336
0.194
0.23
0.294
0.194
0.258
0.305
0.308
0.307
0.228
0.266
0.302
0.193
0.168
0.259
0.258
0.285
0.314
0.239
0.194
0.226
0.24
0.318
0.242
0.214
0.275
0.245
0.218
0.244
0.255
0.197
0.262
0.321
0.23
0.238
0.265
0.24
0.231
0.281
0.332
0.222
0.303
0.301
0.218
0.329
0.288
0.181
0.218
0.298
0.267
0.197
0.269
0.287
0.255
0.182
0.343
0.266
0.23
0.303
0.256
0.325
0.353
0.214
0.247
0.32
0.243
0.223
0.175
0.241
0.268
0.252
0.17
0.228
0.222
0.271
0.26
0.273
0.283
0.283
0.367
0.236
0.283
0.135
0.248
0.214
0.28
0.269
0.183
0.403
0.213
0.182
0.231
0.31
0.221
0.234
0.265
0.193
0.261
0.212
0.252
0.155
0.254
0.233
0.162
0.201
0.265
0.246
0.264
0.29
0.225
0.253
0.286
0.269
0.149
0.359
0.288
0.263
0.242
0.269
0.324
0.241
0.255
0.248
0.236
0.274
0.303
0.177
0.276
0.278
0.231
0.318
0.428
0.252
0.257
0.224
0.42
0.201
0.313
0.165
0.279
0.238
0.229
0.278
0.223
0.326
0.242
0.22
0.317
0.204
0.203
0.307
0.432
0.282
0.279
0.188
0.132
0.287
0.258
0.124
0.307
0.181
0.263
0.268
0.257
0.27
0.242
0.172
0.289
0.251
0.23
0.235
0.244
0.223
0.19
0.359
0.296
0.268
0.332
0.207
0.227
0.302
0.272
0.229
0.235
0.252
0.169
0.259
0.246
0.225
0.262
0.269
0.28
0.22
0.351
0.321
0.285
0.3
0.275
0.315
0.152
0.277
0.244
0.311
0.278
0.244
0.239
0.292
0.336
0.188
0.296
0.274
0.33
0.428
0.217
0.245
0.359
0.302
0.262
0.309
0.263
0.375
0.176
0.273
0.32
0.303
0.189
0.233
0.248
0.259
0.265
0.308
0.321
0.21
0.227
0.221
0.154
0.283
0.335
0.305
0.337
0.257
0.293
0.198
0.289
0.289
0.336
0.226
0.259
0.228
0.263
0.302
0.259
0.302
0.239
0.215
0.165
0.275
0.251
0.327
0.284
0.3
0.199
0.261
0.324
0.227
0.237
0.19
0.241
0.423
0.337
0.302
0.184
0.24
0.346
0.273
0.285
0.271
0.233
0.24
0.263
0.231
0.267
0.25
0.311
0.336
0.265
0.313
0.12
0.181
0.316
0.306
0.29
0.219
0.243
0.279
0.312
0.246
0.192
0.291
0.241
0.286
0.263
0.214
0.215
0.221
0.127
0.24
0.294
0.183
0.22
0.219
0.321
0.299
0.315
0.192
0.243
0.262
0.244
0.247
0.267
0.311
0.293
0.27
0.338
0.177
0.301
0.206
0.27
0.328
0.259
0.223
0.258
0.265
0.255
0.24
0.349
0.311
0.235
0.19
0.236
0.2
0.314
0.36
0.168
0.33
0.281
0.219
0.261
0.264
0.262
0.214
0.239
0.31
0.358
0.297
0.231
0.324
0.292
0.25
0.255
0.267
0.223
0.301
0.23
0.207
0.228
0.233
0.216
0.327
0.231
0.233
0.288
0.284
0.403
0.204
0.365
0.306
0.357
0.179
0.279
0.229
0.309
0.192
0.22
0.19
0.316
0.368
0.218
0.302
0.217
0.341
0.402
0.219
0.29
0.358
0.286
0.244
0.235
0.15
0.303
0.335
0.365
0.305
0.357
0.268
0.224
0.216
0.355
0.26
0.23
0.349
0.257
0.343
0.358
0.209
0.301
0.289
0.178
0.297
0.351
0.18
0.163
0.193
0.25
0.286
0.273
0.119
0.217
0.227
0.294
0.287
0.29
0.282
0.32
0.228
0.281
0.172
0.323
0.144
0.236
0.251
0.211
0.142
0.212
0.238
0.265
0.169
0.243
0.313
0.197
0.282
0.283
0.347
0.33
0.312
0.294
0.175
0.204
0.251
0.257
0.29
0.273
0.323
0.319
0.238
0.249
0.241
0.255
0.216
