0
0
0
0
0
0
0
0
0
0
0
0
0
0
0
0
0
0
0
0
0.001
0
0
0
0
0
0.001
0
0
0
0
0.001
0
0
0
0
0.001
0
0
0
0.001
0
0
0
0.001
0
0
0.001
0
0
0
0.001
0
0
0.001
0
0.001
0
0
0.001
0
0.001
0
0.001
0
0.001
0
0.001
0
0.001
0.001
0
0.001
0
0.001
0.001
0
0.001
0.001
0.001
0
0.001
0.001
0.001
0.001
0
0.001
0.001
0.001
0.001
0.001
0.001
0.001
0.001
0.001
0.001
0.001
0.001
0.001
0.001
0.001
0.001
0.002
0.001
0.001
0.001
0.002
0.001
0.001
0.002
0.001
0.001
0.002
0.001
0.002
0.001
0.003
0.001
0.002
0.001
0.003
0.001
0.002
0.002
0.002
0.002
0.002
0.001
0.002
0.002
0.002
0.003
0.002
0.002
0.003
0.002
0.002
0.003
0.002
0.002
0.003
0.002
0.002
0.003
0.002
0.002
0.004
0.002
0.003
0.002
0.003
0.003
0.002
0.003
0.003
0.002
0.003
0.003
0.003
0.003
0.003
0.003
0.003
0.003
0.003
0.003
0.003
0.003
0.004
0.003
0.003
0.004
0.004
0.003
0.004
0.003
0.004
0.003
0.003
0.004
0.003
0.004
0.004
0.003
0.004
0.004
0.004
0.004
0.004
0.004
0.004
0.004
0.004
0.004
0.004
0.005
0.004
0.005
0.004
0.005
0.004
0.004
0.005
0.006
0.005
0.004
0.006
0.004
0.004
0.005
0.005
0.005
0.005
0.005
0.005
0.005
0.005
0.005
0.005
0.006
0.005
0.005
0.006
0.005
0.005
0.006
0.005
0.006
0.006
0.005
0.006
0.006
0.006
0.006
0.006
0.006
0.006
0.006
0.006
0.006
0.007
0.006
0.007
0.006
0.006
0.007
0.007
0.007
0.006
0.007
0.007
0.007
0.007
0.008
0.006
0.008
0.007
0.007
0.007
0.007
0.007
0.008
0.008
0.008
0.007
0.008
0.007
0.008
0.008
0.009
0.008
0.007
0.009
0.008
0.008
0.009
0.007
0.009
0.008
0.009
0.008
0.01
0.008
0.009
0.009
0.009
0.008
0.01
0.009
0.01
0.009
0.01
0.009
0.009
0.008
0.009
0.009
0.009
0.01
0.011
0.009
0.009
0.01
0.009
0.01
0.009
0.01
0.009
0.012
0.01
0.01
0.01
0.01
0.009
0.01
0.009
0.011
0.01
0.01
0.011
0.01
0.01
0.012
0.01
0.011
0.012
0.011
0.011
0.011
0.011
0.012
0.013
0.012
0.013
0.012
0.012
0.012
0.013
0.014
0.013
0.012
0.012
0.012
0.014
0.013
0.013
0.014
0.013
0.013
0.013
0.013
0.013
0.014
0.014
0.014
0.013
0.014
0.015
0.015
0.014
0.013
0.015
0.014
0.014
0.015
0.014
0.015
0.015
0.014
0.014
0.014
0.013
0.014
0.014
0.014
0.015
0.014
0.014
0.015
0.014
0.015
0.015
0.014
0.015
0.015
0.016
0.017
0.016
0.015
0.015
0.015
0.016
0.017
0.015
0.018
0.017
0.017
0.016
0.018
0.018
0.017
0.016
0.019
0.017
0.017
0.018
0.018
0.018
0.017
0.018
0.018
0.019
0.018
0.019
0.019
0.023
0.018
0.019
0.018
0.019
0.018
0.019
0.019
0.02
0.019
0.02
0.019
0.018
0.019
0.019
0.018
0.02
0.022
0.021
0.018
0.02
0.019
0.02
0.021
0.021
0.021
0.022
0.019
0.022
0.021
0.026
0.023
0.022
0.022
0.023
0.022
0.024
0.022
0.023
0.021
0.023
0.024
0.023
0.024
0.021
0.022
0.021
0.022
0.022
0.022
0.022
0.024
0.022
0.023
0.022
0.024
0.024
0.023
0.025
0.024
0.023
0.025
0.026
0.027
0.025
0.025
0.024
0.026
0.027
0.026
0.025
0.025
0.023
0.024
0.025
0.024
0.025
0.025
0.025
0.025
0.025
0.028
0.03
0.027
0.027
0.04
0.028
0.027
0.027
0.028
0.026
0.026
0.026
0.027
0.027
0.026
0.028
0.026
0.026
0.028
0.029
0.032
0.029
0.031
0.029
0.028
0.029
0.027
0.028
0.028
0.028
0.028
0.03
0.029
0.029
0.029
0.029
0.032
0.031
0.031
0.032
0.031
0.03
0.033
0.031
0.032
0.03
0.033
0.033
0.031
0.035
0.033
0.033
0.032
0.031
0.032
0.035
0.032
0.033
0.034
0.033
0.034
0.033
0.034
0.034
0.035
0.034
0.034
0.034
0.035
0.035
0.036
0.036
0.034
0.035
0.034
0.035
0.035
0.034
0.037
0.034
0.039
0.038
0.034
0.036
0.034
0.036
0.035
0.034
0.034
0.035
0.036
0.036
0.038
0.039
0.039
0.038
0.039
0.037
0.036
0.036
0.037
0.038
0.038
0.037
0.037
0.037
0.037
0.037
0.04
0.039
0.039
0.042
0.041
0.042
0.04
0.041
0.039
0.039
0.039
0.04
0.041
0.041
0.041
0.042
0.041
0.046
0.041
0.042
0.041
0.04
0.039
0.04
0.042
0.042
0.043
0.042
0.044
0.044
0.044
0.041
0.042
0.044
0.044
0.053
0.044
0.047
0.045
0.045
0.046
0.042
0.045
0.047
0.046
0.047
0.047
0.047
0.046
0.048
0.05
0.047
0.047
0.047
0.045
0.046
0.045
0.047
0.049
0.06
0.048
0.048
0.049
0.052
0.047
0.047
0.048
0.051
0.049
0.051
0.05
0.053
0.052
0.048
0.05
0.051
0.051
0.05
0.05
0.052
0.051
0.055
0.053
0.051
0.051
0.052
0.056
0.062
0.055
0.052
0.054
0.054
0.056
0.054
0.053
0.055
0.057
0.054
0.056
0.054
0.054
0.057
0.059
0.056
0.056
0.056
0.057
0.057
0.054
0.056
0.059
0.057
0.056
0.067
0.055
0.055
0.057
0.057
0.056
0.06
0.058
0.059
0.056
0.06
0.058
0.059
0.059
0.056
0.06
0.058
0.06
0.061
0.06
0.064
0.064
0.06
0.058
0.064
0.061
0.059
0.061
0.076
0.06
0.06
0.061
0.063
0.061
0.062
0.062
0.064
0.064
0.063
0.062
0.067
0.063
0.064
0.063
0.069
0.067
0.066
0.062
0.065
0.068
0.066
0.065
0.065
0.065
0.082
0.067
0.067
0.065
0.064
0.072
0.066
0.067
0.065
0.067
0.066
0.067
0.067
0.067
0.071
0.067
0.072
0.069
0.067
0.064
0.067
0.068
0.065
0.069
0.066
0.068
0.071
0.073
0.073
0.071
0.071
0.068
0.07
0.068
0.068
0.07
0.069
0.067
0.081
0.076
0.07
0.071
0.072
0.072
0.072
0.07
0.071
0.066
0.072
0.068
0.07
0.073
0.069
0.07
0.072
0.072
0.071
0.071
0.072
0.073
0.074
0.072
0.072
0.075
0.078
0.079
0.078
0.076
0.075
0.076
0.077
0.078
0.077
0.073
0.078
0.077
0.077
0.077
0.079
0.076
0.079
0.079
0.078
0.079
0.078
0.078
0.079
0.08
0.078
0.079
0.08
0.08
0.078
0.081
0.078
0.08
0.083
0.08
0.081
0.079
0.078
0.081
0.095
0.082
0.083
0.087
0.082
0.082
0.083
0.082
0.086
0.08
0.084
0.084
0.084
0.083
0.08
0.08
0.082
0.083
0.082
0.081
0.084
0.081
0.083
0.085
0.084
0.086
0.083
0.085
0.082
0.085
0.091
0.087
0.088
0.088
0.087
0.088
0.082
0.087
0.085
0.086
0.086
0.087
0.086
0.091
0.087
0.086
0.092
0.091
0.09
0.085
0.088
0.089
0.09
0.087
0.089
0.09
0.092
0.09
0.089
0.091
0.088
0.09
0.091
0.089
0.096
0.093
0.091
0.093
0.096
0.093
0.092
0.096
0.089
0.095
0.097
0.094
0.093
0.098
0.091
0.098
0.089
0.105
0.095
0.097
0.095
0.097
0.101
0.095
0.097
0.099
0.104
0.101
0.096
0.093
0.097
0.096
0.099
0.098
0.1
0.1
0.098
0.1
0.1
0.099
0.102
0.1
0.102
0.099
0.105
0.1
0.098
0.103
0.1
0.108
0.099
0.099
0.103
0.105
0.103
0.105
0.099
0.103
0.102
0.111
0.102
0.107
0.105
0.104
0.102
0.104
0.103
0.11
0.106
0.107
0.11
0.106
0.104
0.11
0.112
0.111
0.113
0.106
0.107
0.106
0.108
0.109
0.108
0.107
0.118
0.108
0.113
0.111
0.11
0.111
0.11
0.106
0.108
0.11
0.11
0.113
0.111
0.111
0.11
0.113
0.112
0.12
0.114
0.116
0.121
0.11
0.115
0.112
0.113
0.111
0.116
0.114
0.113
0.116
0.116
0.118
0.116
0.114
0.116
0.115
0.117
0.113
0.116
0.123
0.118
0.116
0.118
0.116
0.116
0.121
0.121
0.118
0.119
0.131
0.115
0.127
0.12
0.119
0.118
0.117
0.118
0.122
0.12
0.118
0.124
0.122
0.125
0.119
0.12
0.121
0.123
0.123
0.126
0.125
0.127
0.122
0.133
0.123
0.131
0.129
0.133
0.127
0.124
0.131
0.126
0.126
0.124
0.125
0.13
0.13
0.126
0.129
0.125
0.125
0.13
0.131
0.132
0.127
0.132
0.125
0.13
0.128
0.134
0.131
0.131
0.136
0.135
0.135
0.137
0.136
0.135
0.141
0.133
0.132
0.134
0.135
0.135
0.133
0.134
0.133
0.139
0.138
0.135
0.136
0.138
0.135
0.13
0.139
0.139
0.14
0.139
0.137
0.137
0.141
0.142
0.139
0.14
0.137
0.136
0.135
0.137
0.141
0.135
0.135
0.141
0.139
0.139
0.143
0.137
0.144
0.136
0.138
0.137
0.145
0.146
0.141
0.142
0.143
0.147
0.144
0.143
0.148
0.143
0.145
0.147
0.152
0.145
0.145
0.143
0.145
0.152
0.147
0.146
0.148
0.142
0.143
0.146
0.146
0.145
0.15
0.154
0.157
0.153
0.15
0.143
0.148
0.154
0.149
0.149
0.149
0.147
0.154
0.15
0.151
0.15
0.149
0.153
0.155
0.151
0.15
0.153
0.157
0.161
0.156
0.16
0.156
0.151
0.153
0.155
0.151
0.152
0.153
0.152
0.162
0.154
0.153
0.154
0.157
0.16
0.156
0.151
0.159
0.158
0.161
0.158
0.167
0.164
0.168
0.178
0.169
0.162
0.16
0.161
0.173
0.169
0.172
0.181
0.169
0.177
0.171
0.173
0.179
0.173
0.177
0.177
0.177
0.185
0.177
0.172
0.168
0.167
0.17
0.166
0.166
0.166
0.175
0.173
0.183
0.178
0.177
0.174
0.182
0.175
0.177
0.179
0.179
0.186
0.194
0.176
0.182
0.175
0.18
0.181
0.184
0.182
0.187
0.183
0.198
0.184
0.201
0.188
0.183
0.182
0.18
0.183
0.176
0.178
0.174
0.172
0.178
0.179
0.177
0.174
0.181
0.174
0.18
0.179
0.173
0.177
0.174
0.186
0.18
0.182
0.181
0.186
0.179
0.178
0.178
0.178
0.177
0.183
0.183
0.179
0.181
0.183
0.184
0.194
0.186
0.186
0.188
0.185
0.186
0.192
0.188
0.189
0.186
0.183
0.192
0.184
0.183
0.184
0.191
0.189
0.191
0.182
0.185
0.187
0.193
0.203
0.193
0.192
0.197
0.191
0.191
0.188
0.191
0.189
0.184
0.193
0.193
0.192
0.193
0.187
0.197
0.196
0.192
0.198
0.201
0.196
0.202
0.194
0.193
0.197
0.213
0.199
0.199
0.194
0.198
0.194
0.199
0.2
0.197
0.195
0.202
0.206
0.204
0.202
0.201
0.203
0.224
0.194
0.211
0.203
0.204
0.208
0.204
0.205
0.198
0.204
0.202
0.212
0.207
0.21
0.211
0.196
0.214
0.207
0.198
0.209
0.204
0.209
0.204
0.21
0.207
0.21
0.21
0.214
0.204
0.22
0.212
0.214
0.204
0.208
0.211
0.217
0.209
0.21
0.209
0.21
0.212
0.207
0.213
0.224
0.208
0.215
0.213
0.214
0.22
0.211
0.212
0.214
0.218
0.215
0.216
0.212
0.216
0.218
0.212
0.217
0.214
0.223
0.235
0.227
0.225
0.22
0.217
0.221
0.217
0.223
0.22
0.22
0.221
0.218
0.222
0.225
0.23
0.221
0.229
0.23
0.235
0.22
0.221
0.225
0.233
0.224
0.223
0.223
0.225
0.224
0.237
0.227
0.232
0.232
0.226
0.231
0.232
0.228
0.229
0.232
0.226
0.229
0.228
0.231
0.233
0.226
0.242
0.238
0.239
0.235
0.237
0.244
0.23
0.232
0.235
0.238
0.236
0.24
0.236
0.239
0.234
0.25
0.247
0.24
0.242
0.24
0.236
0.245
0.244
0.245
0.24
0.243
0.25
0.243
0.237
0.263
0.251
0.237
0.24
0.242
0.24
0.243
0.241
0.241
0.247
0.246
0.248
0.242
0.25
0.255
0.253
0.252
0.239
0.246
0.241
0.246
0.253
0.244
0.247
0.254
0.25
0.25
0.248
0.264
0.25
0.253
0.246
0.257
0.258
0.263
0.252
0.256
0.256
0.252
0.263
0.262
0.253
0.26
0.258
0.25
0.254
0.255
0.252
0.255
0.259
0.258
0.261
0.266
0.264
0.261
0.258
0.256
0.258
0.256
0.265
0.259
0.256
0.261
0.264
0.254
0.265
0.265
0.26
0.271
0.268
0.265
0.258
0.273
0.272
0.264
0.265
0.262
0.261
0.269
0.268
0.276
0.269
0.271
0.269
0.272
0.269
0.267
0.27
0.269
0.28
0.267
0.271
0.27
0.281
0.284
0.271
0.269
0.278
0.273
0.279
0.272
0.275
0.274
0.277
0.281
0.285
0.284
0.275
0.275
0.277
0.278
0.275
0.275
0.275
0.28
0.279
0.276
0.287
0.294
0.297
0.279
0.289
0.282
0.285
0.279
0.282
0.285
0.278
0.278
0.285
0.283
0.285
0.283
0.282
0.294
0.286
0.282
0.281
0.287
0.291
0.284
0.288
0.297
0.299
0.291
0.285
0.284
0.294
0.283
0.292
0.29
0.292
0.294
0.3
0.299
0.298
0.295
0.305
0.291
0.303
0.302
0.301
0.299
0.3
0.296
0.295
0.296
0.296
0.302
0.298
0.294
0.297
0.303
0.3
0.313
0.298
0.301
0.31
0.308
0.297
0.304
0.298
0.308
0.303
0.315
0.299
0.318
0.306
0.311
0.3
0.305
0.3
0.303
0.303
0.31
0.303
0.316
0.308
0.311
0.315
0.307
0.309
0.311
0.306
0.309
0.3
0.311
0.318
0.312
0.312
0.329
0.311
0.316
0.316
0.31
0.318
0.313
0.315
0.32
0.325
0.33
0.324
0.321
0.313
0.318
0.317
0.34
0.317
0.321
0.316
0.32
0.32
0.341
0.328
0.319
0.33
0.319
0.323
0.319
0.326
0.326
0.328
0.332
0.319
0.329
0.319
0.325
0.334
0.334
0.319
0.335
0.326
0.332
0.329
0.329
0.324
0.325
0.332
0.325
0.331
0.338
0.326
0.333
0.349
0.331
0.329
0.324
0.338
0.336
0.332
0.335
0.337
0.36
0.334
0.34
0.335
0.331
0.326
0.337
0.343
0.333
0.351
0.34
0.34
0.343
0.349
0.334
0.379
0.348
0.337
0.338
0.347
0.341
0.362
0.345
0.342
0.343
0.345
0.351
0.349
0.347
0.352
0.348
0.359
0.348
0.358
0.354
0.354
0.349
0.348
0.349
0.349
0.352
0.358
0.357
0.355
0.35
0.362
0.349
0.369
0.35
0.352
0.363
0.359
0.35
0.36
0.346
0.355
0.356
0.35
0.362
0.37
0.358
0.364
0.361
0.366
0.36
0.363
0.362
0.353
0.366
0.381
0.368
0.366
0.365
0.354
0.364
0.365
0.359
0.364
0.365
0.37
0.358
0.363
0.365
0.361
0.389
0.371
0.369
0.362
0.366
0.377
0.369
0.371
0.366
0.387
0.373
0.368
0.376
0.373
0.367
0.367
0.37
0.382
0.376
0.365
0.37
0.378
0.382
0.381
0.375
0.383
0.38
0.378
0.409
0.395
0.395
0.402
0.411
0.4
0.392
0.396
0.385
0.4
0.4
0.395
0.394
0.386
0.397
0.387
0.389
0.388
0.39
0.387
0.395
0.394
0.394
0.385
0.389
0.397
0.391
0.385
0.396
0.391
0.398
0.39
0.391
0.383
0.399
0.396
0.397
0.398
0.4
0.398
0.391
0.39
0.385
0.41
0.398
0.395
0.402
0.398
0.399
0.393
0.396
0.397
0.418
0.396
0.401
0.404
0.402
0.399
0.41
0.412
0.404
0.392
0.394
0.41
0.409
0.403
0.414
0.406
0.401
0.406
0.417
0.422
0.408
0.416
0.415
0.417
0.417
0.406
0.42
0.406
0.423
0.425
0.413
0.415
0.4
0.408
0.412
0.416
0.428
0.428
0.42
0.411
0.41
0.411
0.41
0.424
0.42
0.42
0.42
0.414
0.421
0.42
0.414
0.411
0.412
0.425
0.441
0.413
0.424
0.432
0.425
0.419
0.434
0.422
0.434
0.416
0.418
0.414
0.431
0.428
0.43
0.425
0.434
0.425
0.433
0.441
0.425
0.433
0.429
0.424
0.431
0.447
0.441
0.44
0.436
0.422
0.437
0.458
0.439
0.443
0.438
0.433
0.432
0.441
0.442
0.449
0.442
0.433
0.432
0.443
0.44
0.442
0.456
0.452
0.457
0.441
0.473
0.443
0.445
0.446
0.462
0.448
0.45
0.439
0.453
0.441
0.447
0.454
0.473
0.455
0.453
0.452
0.443
0.452
0.446
0.463
0.451
0.446
0.453
0.442
0.458
0.459
0.468
0.459
0.454
0.461
0.455
0.451
0.454
0.459
0.468
0.465
0.455
0.454
0.456
0.456
0.464
0.468
0.467
0.476
0.46
0.461
0.46
0.463
0.469
0.46
0.467
0.465
0.454
0.455
0.47
0.468
0.467
0.488
0.477
0.468
0.454
0.471
0.463
0.473
0.475
0.479
0.487
0.469
0.487
0.476
0.481
0.477
0.483
0.472
0.492
0.485
0.482
0.494
0.485
0.483
0.481
0.476
0.485
0.473
0.483
0.483
0.488
0.504
0.486
0.486
0.494
0.484
0.501
0.481
0.477
0.49
0.482
0.49
0.489
0.487
0.491
0.49
0.493
0.484
0.483
0.491
0.512
0.503
0.481
0.494
0.516
0.478
0.496
0.495
0.487
0.488
0.512
0.499
0.499
0.506
0.507
0.501
0.505
0.494
0.525
0.525
0.502
0.504
0.517
0.494
0.512
0.499
0.505
0.498
0.507
0.508
0.494
0.502
0.5
0.511
0.522
0.507
0.511
0.519
0.499
0.498
0.51
0.509
0.511
0.494
0.514
0.51
0.514
0.504
0.518
0.514
0.524
0.514
0.512
0.512
0.521
0.526
0.509
0.52
0.516
0.526
0.538
0.524
0.526
0.526
0.519
0.506
0.515
0.526
0.531
0.522
0.514
0.522
0.513
0.524
0.523
0.529
0.522
0.525
0.523
0.522
0.528
0.54
0.522
0.521
0.522
0.511
0.528
0.543
0.545
0.541
0.522
0.529
0.534
0.539
0.536
0.526
0.538
0.543
0.53
0.533
0.538
0.529
0.531
0.541
0.533
0.541
0.542
0.546
0.525
0.537
0.542
0.543
0.539
0.55
0.543
0.542
0.546
0.536
0.546
0.555
0.541
0.545
0.536
0.555
0.568
0.571
0.556
0.542
0.54
0.559
0.562
0.563
0.547
0.559
0.568
0.559
0.588
0.565
0.547
0.565
0.579
0.573
0.566
0.577
0.563
0.544
0.553
0.572
0.574
0.546
0.557
0.554
0.559
0.563
0.548
0.566
0.579
0.571
0.562
0.561
0.569
0.564
0.569
0.575
0.571
0.567
0.565
0.571
0.576
0.592
0.58
0.584
0.557
0.572
0.579
0.572
0.569
0.563
0.581
0.565
0.582
0.567
0.57
0.573
0.576
0.581
0.583
0.573
0.578
0.572
0.601
0.583
0.583
0.599
0.572
0.569
0.574
0.587
0.611
0.582
0.603
0.579
0.577
0.608
0.585
0.591
0.58
0.59
0.594
0.589
0.576
0.575
0.586
0.609
0.586
0.598
0.61
0.612
0.603
0.583
0.621
0.612
0.621
0.638
0.642
0.642
0.62
0.628
0.633
0.603
0.62
0.603
0.615
0.626
0.593
0.6
0.618
0.622
0.601
0.597
0.631
0.629
0.642
0.631
0.653
0.625
0.618
0.612
0.641
0.622
0.605
0.613
0.629
0.692
0.635
0.618
0.655
0.663
0.623
0.629
0.634
0.667
0.626
0.598
0.608
0.63
0.615
0.617
0.622
0.617
0.632
0.614
0.631
0.626
0.601
0.634
0.61
0.619
0.619
0.612
0.633
0.632
0.616
0.648
0.619
0.622
0.649
0.623
0.621
0.639
0.61
0.623
0.627
0.627
0.636
0.64
0.646
0.645
0.638
0.62
0.629
0.651
0.634
0.644
0.632
0.645
0.632
0.656
0.644
0.639
0.641
0.631
0.634
0.657
0.644
0.633
0.649
0.643
0.64
0.644
0.661
0.64
0.644
0.666
0.661
0.642
0.65
0.639
0.642
0.633
0.657
0.657
0.639
0.662
0.649
0.671
0.648
0.639
0.659
0.652
0.658
0.659
0.637
0.667
0.652
0.657
0.661
0.663
0.652
0.647
0.685
0.672
0.667
0.658
0.653
0.673
0.684
0.649
0.657
0.662
0.663
0.659
0.69
0.684
0.665
0.684
0.689
0.662
0.684
0.67
0.675
0.687
0.691
0.655
0.681
0.679
0.681
0.671
0.672
0.674
0.677
0.679
0.671
0.688
0.681
0.698
0.681
0.67
0.688
0.682
0.693
0.69
0.694
0.677
0.68
0.697
0.692
0.68
0.683
0.676
0.701
0.702
0.68
0.698
0.713
0.718
0.698
0.681
0.692
0.7
0.695
0.691
0.7
0.695
0.689
0.69
0.7
0.7
0.695
0.713
0.693
0.72
0.69
0.713
0.698
0.695
0.717
0.712
0.694
0.708
0.719
0.73
0.739
0.734
0.762
0.764
0.735
0.763
0.762
0.752
0.764
0.746
0.719
0.699
0.703
0.727
0.721
0.693
0.718
0.747
0.701
0.725
0.736
0.715
0.716
0.706
0.708
0.705
0.724
0.723
0.718
0.714
0.722
0.739
0.732
0.711
0.714
0.724
0.745
0.739
0.74
0.729
0.729
0.729
0.719
0.729
0.719
0.74
0.728
0.754
0.724
0.735
0.763
0.768
0.743
0.73
0.75
0.741
0.726
0.733
0.733
0.734
0.731
0.736
0.748
0.734
0.76
0.746
0.743
0.748
0.75
0.768
0.757
0.737
0.741
0.777
0.756
0.729
0.73
0.763
0.759
0.779
0.756
0.763
0.767
0.75
0.767
0.745
0.767
0.742
0.747
0.776
0.741
0.757
0.74
0.765
0.754
0.748
0.76
0.755
0.75
0.754
0.775
0.76
0.748
0.775
0.768
0.77
0.759
0.767
0.777
0.78
0.753
0.774
0.749
0.762
0.771
0.747
0.754
0.772
0.779
0.756
0.759
0.759
0.781
0.784
0.78
0.771
0.759
0.763
0.772
0.766
0.761
0.771
0.776
0.766
0.784
0.794
0.779
0.793
0.783
0.762
0.785
0.823
0.795
0.78
0.783
0.789
0.789
0.784
0.776
0.788
0.798
0.793
0.782
0.806
0.785
0.781
0.793
0.8
0.803
0.788
0.795
0.79
0.806
0.79
0.786
0.793
0.818
0.786
0.792
0.78
0.795
0.82
0.833
0.802
0.82
0.827
0.794
0.811
0.829
0.833
0.833
0.792
0.812
0.802
0.805
0.812
0.804
0.796
0.822
0.806
0.802
0.799
0.826
0.816
0.802
0.812
0.84
0.815
0.815
0.801
0.801
0.82
0.811
0.824
0.812
0.851
0.832
0.792
0.82
0.837
0.814
0.834
0.809
0.823
0.814
0.827
0.809
0.842
0.854
0.876
0.828
0.845
0.833
0.818
0.842
0.853
0.84
0.824
0.839
0.845
0.842
0.847
0.829
0.849
0.836
0.822
0.842
0.866
0.837
0.835
0.847
0.844
0.851
0.843
0.843
0.857
0.854
0.831
0.858
0.866
0.84
0.845
0.846
0.86
0.867
0.853
0.846
0.857
0.861
0.844
0.839
0.861
0.845
0.844
0.849
0.874
0.865
0.842
0.841
0.864
0.902
0.862
0.862
0.874
0.868
0.886
0.878
0.951
0.897
0.897
0.887
0.881
0.895
0.857
0.859
0.857
0.857
0.853
0.861
0.882
0.869
0.867
0.856
0.891
0.891
0.889
0.908
0.861
0.897
0.875
0.884
0.882
0.861
0.862
0.879
0.883
0.929
0.876
0.897
0.877
0.881
0.867
0.883
0.903
0.891
0.899
0.889
0.884
0.87
0.904
0.896
0.909
0.896
0.89
0.898
0.899
0.897
0.908
0.93
0.909
0.894
0.894
0.943
0.929
0.881
0.889
0.899
0.908
0.888
0.912
0.892
0.902
0.929
0.919
0.915
0.875
0.883
0.92
0.923
0.9
0.944
0.909
0.906
0.903
0.913
0.908
0.914
0.908
0.908
0.907
0.91
0.92
0.925
0.918
0.906
0.918
0.921
0.92
0.956
0.913
0.935
0.921
0.927
0.918
0.928
0.965
0.968
0.992
0.936
0.948
0.966
0.936
0.941
0.927
0.947
0.966
0.981
0.993
0.959
0.918
0.921
