10718329
10653684
10707002
10640368
10701477
10693665
10675368
10674088
10659647
10687826
10766156
10673753
10698416
11285152
15665340
15655302
16137078
15850160
15754284
13494776
10975496
10708314
10824247
10681296
10708415
10727138
10731307
10641997
10938841
10733580
10714441
10656346
10762871
10727125
10675837
10666789
10641008
10657597
10743280
10731596
10654755
10670457
10670137
10673600
10716104
10715698
10671207
10746139
10663970
10694732
10736184
10879805
10688902
10678438
10678732
10702443
10687586
10795584
10708090
10618829
10659764
10697906
10639769
10717721
10778504
10675851
10662895
10710924
10670338
10757580
10715650
10738393
10622404
10679183
10685893
10909339
10747265
10728872
10732430
10654875
10636902
10684566
10698921
10747988
10659529
10694426
10677907
10696386
10740045
10679019
10701096
10661003
10644225
10855506
11065187
10722848
10823457
10860190
10764889
10705148
